1.30503e+09 0.000000000 0.000000000 0.000000000 -0.000000000 -0.000000000 -0.000000000 1.000000000
1.30503e+09 -0.009016679 -0.000911593 0.002481895 0.004295162 -0.003398800 -0.007694604 0.999955416
1.30503e+09 -0.012258228 -0.007307663 0.008027662 0.003649760 -0.010900564 -0.012683458 0.999853492
1.30503e+09 -0.026006503 -0.004683085 0.014210982 0.007634236 -0.015682554 -0.021339070 0.999620199
1.30503e+09 -0.030889351 -0.009231952 0.020723082 0.007059921 -0.025482893 -0.030195400 0.999194205
1.30503e+09 -0.027720887 -0.020426368 0.029120456 0.007548138 -0.034466997 -0.035927460 0.998731375
1.30503e+09 -0.042959992 -0.021960238 0.030735297 0.013785940 -0.036914021 -0.039547332 0.998440444
1.30503e+09 -0.056556288 -0.012314226 0.033630289 0.018057764 -0.044933226 -0.048864082 0.997630835
1.30503e+09 -0.062036108 -0.019022290 0.039357655 0.014312292 -0.057174940 -0.057488997 0.996604860
1.30503e+09 -0.087166995 -0.014180046 0.042326506 0.016404614 -0.068659879 -0.067398928 0.995225668
1.30503e+09 -0.087596536 -0.020899056 0.050515592 0.013343094 -0.090527497 -0.078598395 0.992697895
1.30503e+09 -0.083679415 -0.031206939 0.048558135 0.013511837 -0.108416557 -0.089828938 0.989946544
1.30503e+09 -0.100023866 -0.031760477 0.048502382 0.018095881 -0.118555859 -0.099255793 0.987808347
1.30503e+09 -0.103204086 -0.030107912 0.052775413 0.021139193 -0.131862283 -0.105760522 0.985383272
1.30503e+09 -0.107999206 -0.033031050 0.058485515 0.023513712 -0.144637883 -0.111430533 0.982909083
1.30503e+09 -0.115899973 -0.030922242 0.061304171 0.026255872 -0.155397803 -0.120561123 0.980115950
1.30503e+09 -0.119877845 -0.034878496 0.068063997 0.026108433 -0.166160777 -0.127553463 0.977465630
1.30503e+09 -0.124501683 -0.038078617 0.070517957 0.028178670 -0.176905215 -0.132988781 0.974794626
1.30503e+09 -0.131249174 -0.037439391 0.079474136 0.032284312 -0.183351755 -0.141086161 0.972334623
1.30503e+09 -0.140470088 -0.041586600 0.081834882 0.035639547 -0.187426165 -0.145140439 0.970842659
1.30503e+09 -0.149236530 -0.040740523 0.081637360 0.040368073 -0.193445057 -0.147703275 0.969088852
1.30503e+09 -0.159121364 -0.042340335 0.081352234 0.041359361 -0.200697169 -0.147163540 0.967653334
1.30503e+09 -0.167426854 -0.041923855 0.085328870 0.044163801 -0.212137297 -0.147650033 0.965011358
1.30503e+09 -0.167270169 -0.041542381 0.092110321 0.046849903 -0.225989252 -0.147956803 0.961687505
1.30503e+09 -0.170853674 -0.046968237 0.094692826 0.048068568 -0.236434177 -0.146929264 0.959270656
1.30503e+09 -0.189473569 -0.048995942 0.089389339 0.052601583 -0.245056525 -0.150050044 0.956381381
1.30503e+09 -0.178547457 -0.041202873 0.103907555 0.059509821 -0.261561185 -0.155121580 0.950779498
1.30503e+09 -0.181275740 -0.037820987 0.111596107 0.063376628 -0.272142529 -0.163165554 0.946202338
1.30503e+09 -0.187021285 -0.035730205 0.115450896 0.064740531 -0.280875921 -0.170945629 0.942175686
1.30503e+09 -0.195540413 -0.030834831 0.120148778 0.066288166 -0.286941856 -0.180523887 0.938446283
1.30503e+09 -0.196916416 -0.025786676 0.125882313 0.067075454 -0.294161558 -0.190004423 0.934274197
1.30503e+09 -0.200679556 -0.024473492 0.129154950 0.065330639 -0.299237013 -0.197210863 0.931287885
1.30503e+09 -0.210135370 -0.019424930 0.129554793 0.062749259 -0.302855879 -0.204158887 0.928794920
1.30503e+09 -0.217537969 -0.013390612 0.132245079 0.059376955 -0.310196072 -0.210248321 0.925228894
1.30503e+09 -0.218251869 -0.015776757 0.139911458 0.052849144 -0.321485847 -0.215349913 0.920585871
1.30503e+09 -0.222118631 -0.017439596 0.146375388 0.045806788 -0.333987206 -0.221020266 0.915152669
1.30503e+09 -0.230282679 -0.017716900 0.136182025 0.037121739 -0.344884932 -0.228337139 0.909691453
1.30503e+09 -0.229839936 -0.011283450 0.143262684 0.030719036 -0.363232285 -0.233383998 0.901471436
1.30503e+09 -0.227123693 -0.014063824 0.153004706 0.019919962 -0.379838288 -0.237179101 0.893908381
1.30503e+09 -0.224772513 -0.023066465 0.163546771 0.010015386 -0.393449247 -0.239633143 0.887509704
1.30503e+09 -0.222875074 -0.020663958 0.167999297 0.006881429 -0.401475132 -0.244140044 0.882703781
1.30503e+09 -0.223081470 -0.026000686 0.171297967 0.005129591 -0.407326728 -0.253609061 0.877348900
1.30503e+09 -0.223321632 -0.026194096 0.172668904 0.009702313 -0.412781984 -0.264884949 0.871408641
1.30503e+09 -0.222015560 -0.028928205 0.175272912 0.012650033 -0.416574389 -0.277413696 0.865648627
1.30503e+09 -0.219724104 -0.027434900 0.178523332 0.018492227 -0.419222236 -0.288174927 0.860735774
1.30503e+09 -0.222006261 -0.034323268 0.178143129 0.021813871 -0.420511603 -0.296996891 0.857022166
1.30503e+09 -0.225043297 -0.051167138 0.184560686 0.027976664 -0.425588995 -0.301870733 0.852622628
1.30503e+09 -0.221658140 -0.045667045 0.181605816 0.041203864 -0.429556012 -0.301906377 0.850080252
1.30503e+09 -0.218231514 -0.042233184 0.180386364 0.048483651 -0.432911903 -0.301771462 0.848039329
1.30503e+09 -0.218647391 -0.036249854 0.177958474 0.054594934 -0.438343793 -0.303075314 0.844404876
1.30503e+09 -0.212292537 -0.029623009 0.177883238 0.058910269 -0.445606500 -0.309150368 0.838087440
1.30503e+09 -0.206297949 -0.041201726 0.177317515 0.056045104 -0.453684807 -0.315197229 0.831672847
1.30503e+09 -0.198670134 -0.037540793 0.181489751 0.056098145 -0.460347533 -0.321528822 0.825561881
1.30503e+09 -0.200543761 -0.040765598 0.182982817 0.051052347 -0.463516295 -0.325847805 0.822416961
1.30503e+09 -0.199161887 -0.040090442 0.178660482 0.046835236 -0.467794150 -0.326842666 0.819846928
1.30503e+09 -0.194793940 -0.045993552 0.185503408 0.040926401 -0.474301308 -0.328018129 0.815945745
1.30503e+09 -0.192844316 -0.046697766 0.190802857 0.039061446 -0.478953779 -0.329213947 0.812831879
1.30503e+09 -0.190386832 -0.053023808 0.191019952 0.034718134 -0.483574182 -0.333676964 0.808461726
1.30503e+09 -0.191349715 -0.055771910 0.190399468 0.031017674 -0.489629358 -0.339293420 0.802608907
1.30503e+09 -0.187194049 -0.052641809 0.192807883 0.030916315 -0.497438073 -0.346897691 0.794519782
1.30503e+09 -0.185517937 -0.052963994 0.202397317 0.031526811 -0.503462255 -0.352980673 0.787995279
1.30503e+09 -0.181209683 -0.052764386 0.204789594 0.032003272 -0.504329562 -0.356345356 0.785904288
1.30503e+09 -0.180458039 -0.052032888 0.205967218 0.032331895 -0.501729369 -0.359259754 0.786228240
1.30503e+09 -0.181317538 -0.053813681 0.208500266 0.033453844 -0.498628438 -0.361546129 0.787105441
1.30503e+09 -0.179369971 -0.053347081 0.213619158 0.036993735 -0.495616227 -0.361420602 0.788905084
1.30503e+09 -0.177844211 -0.055839837 0.209880888 0.037562523 -0.489464283 -0.359471947 0.793595433
1.30503e+09 -0.178186536 -0.063597471 0.209191322 0.040735483 -0.486928254 -0.361095309 0.794261754
1.30503e+09 -0.168927610 -0.065040112 0.210704416 0.047928415 -0.484594405 -0.360240698 0.795674443
1.30503e+09 -0.171121150 -0.064051546 0.205335453 0.051271070 -0.479987025 -0.357906252 0.799303949
1.30503e+09 -0.165274292 -0.064405076 0.211570725 0.054096345 -0.480377942 -0.352740973 0.801176965
1.30503e+09 -0.160652041 -0.060137197 0.213560462 0.057098884 -0.476847768 -0.343376219 0.807123721
1.30503e+09 -0.156881690 -0.064167678 0.219345540 0.057724677 -0.470991999 -0.334493786 0.814216375
1.30503e+09 -0.153198898 -0.065099671 0.222958952 0.058954142 -0.461483359 -0.321422279 0.824769855
1.30503e+09 -0.150565207 -0.058943659 0.220673621 0.061151229 -0.450066864 -0.307418346 0.836178422
1.30503e+09 -0.145772323 -0.062149905 0.231446072 0.060634464 -0.442931026 -0.292451859 0.845344663
1.30503e+09 -0.141725004 -0.058015175 0.241703689 0.061908174 -0.434153527 -0.275057286 0.855582654
1.30503e+09 -0.135028645 -0.060770061 0.241271168 0.061023533 -0.421119303 -0.259791344 0.866858244
1.30503e+09 -0.132172123 -0.061412036 0.239740402 0.061127849 -0.406045854 -0.244533733 0.878403902
1.30503e+09 -0.127406090 -0.062572479 0.237612456 0.061596893 -0.393022656 -0.233820841 0.887167931
1.30503e+09 -0.124557868 -0.062976852 0.243175119 0.063039660 -0.380049914 -0.223267749 0.895399153
1.30503e+09 -0.104777232 -0.070065506 0.250416964 0.065017082 -0.369444549 -0.212290600 0.902339280
1.30503e+09 -0.079197727 -0.064946003 0.270006657 0.072227962 -0.355795950 -0.197864950 0.910517335
1.30503e+09 -0.077486143 -0.071660742 0.252767175 0.068511948 -0.325489879 -0.180850208 0.925557017
1.30503e+09 -0.078581266 -0.063449718 0.244825810 0.070285365 -0.296612531 -0.164054528 0.938172221
1.30503e+09 -0.063419193 -0.066910602 0.249199167 0.069264464 -0.277060270 -0.149775401 0.946576655
1.30503e+09 -0.066082329 -0.065409869 0.242882982 0.072384991 -0.251233459 -0.135812387 0.955613554
1.30503e+09 -0.055564705 -0.054603718 0.236890152 0.077279851 -0.228619888 -0.123757556 0.962520063
1.30503e+09 -0.049050745 -0.045653835 0.230560601 0.075262681 -0.204204187 -0.107042477 0.970143378
1.30503e+09 -0.044675365 -0.044942200 0.219676793 0.068516284 -0.178786770 -0.089133225 0.977443635
1.30503e+09 -0.038256321 -0.039746623 0.209926546 0.063483357 -0.154850274 -0.076500498 0.982923687
1.30503e+09 -0.030685490 -0.036400516 0.199188754 0.055190146 -0.131707922 -0.061028060 0.987867773
1.30503e+09 -0.029717298 -0.034037106 0.190719098 0.046408109 -0.109836116 -0.046016611 0.991798759
1.30503e+09 -0.020718794 -0.039319333 0.180266857 0.035764415 -0.092279509 -0.032675914 0.994553983
1.30503e+09 -0.008370578 -0.034203809 0.173649073 0.032322455 -0.075662792 -0.016824562 0.996467471
1.30503e+09 -0.002978100 -0.030303705 0.165898934 0.027565368 -0.057419199 0.000189630 0.997969568
1.30503e+09 0.003440517 -0.029716030 0.153343484 0.023507887 -0.041614041 0.015555873 0.998736024
1.30503e+09 0.015424348 -0.025184624 0.142903611 0.023874212 -0.029554764 0.026284508 0.998932242
1.30503e+09 0.022620419 -0.017912133 0.138573721 0.022716010 -0.015378304 0.039528824 0.998841822
1.30503e+09 0.039942283 -0.016869498 0.129147366 0.021159049 -0.005053324 0.057365246 0.998116255
1.30503e+09 0.047041181 -0.005803076 0.116753846 0.023753403 0.009670514 0.069280095 0.997267544
1.30503e+09 0.062971078 0.000007658 0.112936839 0.022166209 0.020777311 0.079332419 0.996385157
1.30503e+09 0.077648103 0.004727564 0.105908513 0.021632761 0.031110562 0.090033956 0.995217621
1.30503e+09 0.093951397 0.011104722 0.098393589 0.023052813 0.041552756 0.100603469 0.993791163
1.30503e+09 0.107890338 0.016766904 0.090022832 0.024348702 0.051947504 0.106972411 0.992605448
1.30503e+09 0.137291148 0.013188072 0.076300010 0.024104774 0.060375072 0.112963937 0.991470098
1.30503e+09 0.150356248 0.024926987 0.071744367 0.035495926 0.076375678 0.116188034 0.989650071
1.30503e+09 0.161451936 0.035861176 0.057383142 0.042612154 0.089199759 0.116259098 0.988287091
1.30503e+09 0.169008508 0.050961383 0.050304402 0.044715792 0.099426448 0.115125604 0.987350464
1.30503e+09 0.183394417 0.062518828 0.037531354 0.039261296 0.101242527 0.112158999 0.987739265
1.30503e+09 0.203481659 0.070859939 0.028368792 0.033047523 0.098222412 0.111791737 0.988313079
1.30503e+09 0.222059071 0.076163247 0.019015569 0.027267624 0.097162463 0.111283921 0.988651514
1.30503e+09 0.243290171 0.081910320 0.009042555 0.022423593 0.096109666 0.109761484 0.989046276
1.30503e+09 0.272801697 0.097648136 -0.000977444 0.021440705 0.093753658 0.106243551 0.989678144
1.30503e+09 0.288107574 0.105722934 -0.011230420 0.017237337 0.097489774 0.102163061 0.989828944
1.30503e+09 0.307945818 0.109010838 -0.023151228 0.012831475 0.097437695 0.098096386 0.990312219
1.30503e+09 0.325809389 0.123049892 -0.031475369 0.011033525 0.099432714 0.092926331 0.990634203
1.30503e+09 0.347794205 0.136472285 -0.042175885 0.006803078 0.100650281 0.089143708 0.990896940
1.30503e+09 0.369737744 0.144702390 -0.051006224 0.000892767 0.103482895 0.087776139 0.990750253
1.30503e+09 0.385901839 0.140994206 -0.059682488 -0.006776178 0.109302580 0.087157160 0.990156949
1.30503e+09 0.399888843 0.149012715 -0.066246234 -0.006617331 0.114585318 0.083041027 0.989914477
1.30503e+09 0.417344689 0.164351776 -0.075418904 -0.007031987 0.116907597 0.082538553 0.989682078
1.30503e+09 0.429819465 0.168064207 -0.079333514 -0.012694298 0.118295394 0.082684033 0.989448607
1.30503e+09 0.443746507 0.162976101 -0.088240460 -0.018921999 0.116904311 0.081708178 0.989595473
1.30503e+09 0.463844866 0.170577288 -0.095212243 -0.017723782 0.110813111 0.078174584 0.990603387
1.30503e+09 0.481053352 0.173392966 -0.100959055 -0.018658934 0.105431616 0.076400265 0.991311789
1.30503e+09 0.494813025 0.168236658 -0.108250894 -0.018744918 0.100329272 0.074920624 0.991952419
1.30503e+09 0.516231179 0.177061617 -0.116585553 -0.013294040 0.091489911 0.069499515 0.993288875
1.30503e+09 0.536515176 0.187081635 -0.123189330 -0.010166072 0.086866535 0.068115689 0.993836582
1.30503e+09 0.552443862 0.187292397 -0.129229337 -0.010732459 0.083539374 0.068029292 0.994121790
1.30503e+09 0.574976206 0.195016056 -0.136875302 -0.008021433 0.077513896 0.066711776 0.994724512
1.30503e+09 0.593356848 0.194941938 -0.143273473 -0.008431674 0.074570373 0.062912151 0.995193541
1.30503e+09 0.609908700 0.193329826 -0.149749607 -0.006856868 0.072428830 0.054053940 0.995884180
1.30503e+09 0.630323291 0.195079669 -0.157382905 -0.002066277 0.069894575 0.043707151 0.996594310
1.30503e+09 0.647262156 0.198139474 -0.163226143 0.005419867 0.066458739 0.031414464 0.997279823
1.30503e+09 0.668086827 0.212968960 -0.167566806 0.014243598 0.060322672 0.021833450 0.997838497
1.30503e+09 0.680750906 0.211517945 -0.170560479 0.013589729 0.057206199 0.012949419 0.998185933
1.30503e+09 0.697608292 0.212154195 -0.175055698 0.014694698 0.048946582 0.006617510 0.998671412
1.30503e+09 0.717167914 0.211825326 -0.178956777 0.014593062 0.036448393 -0.000001427 0.999229014
1.30503e+09 0.738084316 0.210698739 -0.183036894 0.014393393 0.023686232 -0.007674692 0.999586403
1.30503e+09 0.757883132 0.211969674 -0.185061678 0.014571202 0.011938180 -0.015650548 0.999700129
1.30503e+09 0.776385188 0.203459814 -0.188396215 0.012026763 0.000558996 -0.025864238 0.999593019
1.30503e+09 0.799785912 0.205723420 -0.192238241 0.015208269 -0.013242662 -0.041748207 0.998924673
1.30503e+09 0.816587567 0.212171271 -0.194394752 0.016205424 -0.026105484 -0.057830065 0.997853518
1.30503e+09 0.837358177 0.201731458 -0.198141709 0.010086132 -0.040199682 -0.069034696 0.996753037
1.30503e+09 0.864427328 0.198001385 -0.197714195 0.010946167 -0.052499108 -0.080778085 0.995288432
1.30503e+09 0.897579730 0.196996227 -0.199998975 0.012689806 -0.061239462 -0.094812736 0.993528664
1.30503e+09 0.917491078 0.195226192 -0.199412018 0.013811515 -0.060635917 -0.104384005 0.992590845
1.30503e+09 0.929397821 0.187543213 -0.203978300 0.014312170 -0.058090400 -0.110503733 0.992073417
1.30503e+09 0.940050006 0.187844679 -0.206195965 0.018291870 -0.058062952 -0.115537420 0.991435945
1.30503e+09 0.948932111 0.189417213 -0.206251979 0.019349039 -0.063508056 -0.118462481 0.990736604
1.30503e+09 0.958654046 0.194496334 -0.207165703 0.017113186 -0.076104350 -0.123615712 0.989259601
1.30503e+09 0.978210866 0.182638437 -0.203302443 0.010422752 -0.095384754 -0.129028574 0.986987710
1.30503e+09 0.995416760 0.179020315 -0.202158585 0.011052986 -0.112145163 -0.137944415 0.984008551
1.30503e+09 1.018620014 0.187310487 -0.197638482 0.012732386 -0.128900304 -0.148674041 0.980366647
1.30503e+09 1.040727258 0.179993480 -0.192433268 0.007859961 -0.144756719 -0.157397732 0.976836562
1.30503e+09 1.061387420 0.177746609 -0.186431736 0.003969962 -0.157077685 -0.166774005 0.973394692
1.30503e+09 1.078262925 0.162300706 -0.184540689 -0.001433228 -0.165332615 -0.172782600 0.970983624
1.30503e+09 1.100541711 0.166083932 -0.179207236 0.001626944 -0.173021942 -0.180219784 0.968287945
